,Dataset,Repeat,Fold,Target,Region,R,P-value,rs_par_loading,s_myelin_loading,s_gmv_loading,s_cs_loading,s_ct_loading
0,HCP-D,8,2,fluidcogcomp,0,0.26004815576186713,0.08092203027333236,[0.51045538],[0.43287962],[0.43388498],[0.67818889],[0.06972421]
1,HCP-D,8,2,fluidcogcomp,1,-0.05802610876954917,0.7016867884520008,[0.66326738],[-0.44918863],[0.76538766],[-0.03153696],[0.15648596]
2,HCP-D,8,2,fluidcogcomp,2,0.04990618613749091,0.7418757386281747,[0.72077295],[-0.29644232],[0.19465458],[0.70393986],[0.10566751]
3,HCP-D,8,2,fluidcogcomp,3,0.0027879088561092395,0.985329194041996,[0.7319763],[-0.35443038],[0.328464],[0.60256984],[0.2569464]
4,HCP-D,8,2,fluidcogcomp,4,0.3346218984319533,0.023024820267941525,[-0.45816652],[-0.36360908],[0.21842133],[0.0448654],[0.78897006]
5,HCP-D,8,2,fluidcogcomp,5,0.22006512792452776,0.14168044504696897,[0.85028176],[0.11666016],[0.18812687],[-0.37880046],[-0.47439587]
6,HCP-D,8,2,fluidcogcomp,6,0.2213302772884591,0.13934732045949577,[0.05044032],[0.16315883],[0.71149636],[0.63521286],[-0.30740416]
7,HCP-D,8,2,fluidcogcomp,7,-0.047611003545209835,0.7533653276605041,[-0.69892715],[0.28783219],[0.70891866],[-0.34950307],[-0.07654382]
8,HCP-D,8,2,fluidcogcomp,8,-0.12877826716760388,0.39369293173234465,[0.34620864],[0.57142974],[0.51591383],[0.44964875],[-0.37791247]
9,HCP-D,8,2,fluidcogcomp,9,-0.27205408299679124,0.06739214614168837,[0.51863212],[-0.25024491],[-0.45570597],[-0.37263796],[0.58596556]
10,HCP-D,8,2,fluidcogcomp,10,-0.19012945578240267,0.20565126836879685,[-0.47150236],[0.621625],[0.14358693],[0.32010785],[0.57394028]
11,HCP-D,8,2,fluidcogcomp,11,0.10493525362463442,0.48765786974335634,[0.07927105],[-0.53298732],[0.73455855],[-0.05796879],[-0.56784148]
12,HCP-D,8,2,fluidcogcomp,12,-0.2307334741696755,0.1228930816439846,[0.23783776],[0.28827903],[0.88586916],[-0.42563842],[-0.04415656]
13,HCP-D,8,2,fluidcogcomp,13,0.07741836281211134,0.6090744113974986,[0.86309248],[0.48990937],[-0.15221762],[0.13682772],[0.33368102]
14,HCP-D,8,2,fluidcogcomp,14,0.2954940629021932,0.04617914343424129,[0.39856992],[0.65747097],[0.70524182],[0.06071922],[0.08387692]
15,HCP-D,8,2,fluidcogcomp,15,-0.08149346612449404,0.590299939620636,[0.77952863],[0.1155234],[-0.11393804],[0.3065619],[-0.52389294]
16,HCP-D,8,2,fluidcogcomp,16,0.00510003967611149,0.9731654994571091,[0.89335872],[0.21058023],[0.40354922],[-0.23133132],[-0.10776459]
17,HCP-D,8,2,fluidcogcomp,17,0.08475944681251246,0.575441696394008,[0.51933067],[0.18525827],[0.79856486],[0.42429905],[0.21257016]
18,HCP-D,8,2,fluidcogcomp,18,0.13967674156923998,0.35454368449701834,[0.40948169],[-0.55494396],[0.86852289],[0.29151797],[0.40835769]
19,HCP-D,8,2,fluidcogcomp,19,-0.20733802512686783,0.1667838237155671,[-0.53940438],[0.42923311],[0.60511647],[-0.26847358],[-0.51939826]
20,HCP-D,8,2,fluidcogcomp,20,0.05164016931292659,0.7332320237425002,[-0.31109656],[0.76090752],[-0.27724724],[-0.46033451],[-0.3077851]
21,HCP-D,8,2,fluidcogcomp,21,-0.134370270866929,0.3732995142661274,[-0.37399108],[-0.08701366],[0.42886462],[0.94937168],[0.35881477]
22,HCP-D,8,2,fluidcogcomp,22,0.2553754015356928,0.08673010796508188,[-0.636109],[0.22964325],[0.50409456],[-0.07937741],[-0.66674011]
23,HCP-D,8,2,fluidcogcomp,23,-0.11150141938316065,0.46067707728156915,[0.37538332],[0.11981984],[0.42970404],[0.20045867],[0.81308158]
24,HCP-D,8,2,fluidcogcomp,24,0.18551804987258874,0.2170665916164975,[0.24035247],[0.83285698],[0.48168498],[0.15204417],[0.17140243]
25,HCP-D,8,2,fluidcogcomp,25,0.24995627623746322,0.0938671926716376,[-0.58174528],[0.04290319],[0.50859696],[0.18299793],[0.68230145]
26,HCP-D,8,2,fluidcogcomp,26,-0.06793593425311584,0.6537185358580085,[-0.27274241],[0.50444061],[-0.48952666],[0.63045781],[-0.28908856]
27,HCP-D,8,2,fluidcogcomp,27,0.09237029977087642,0.5414960825795019,[-0.40085122],[0.40512769],[0.04854334],[0.08140004],[0.84089714]
28,HCP-D,8,2,fluidcogcomp,28,0.21925388242446545,0.14319167171321776,[-0.28927143],[0.25264697],[0.21470627],[0.49172671],[0.87400638]
29,HCP-D,8,2,fluidcogcomp,29,0.03521274875986594,0.8162864677709212,[0.69415883],[0.02734081],[0.41029951],[0.1896735],[0.58489254]
30,HCP-D,8,2,fluidcogcomp,30,0.04293953026647597,0.7769116697909594,[-0.2612544],[0.88548765],[-0.39976907],[-0.19613002],[0.36809769]
31,HCP-D,8,2,fluidcogcomp,31,0.21611604193226103,0.1491494825763336,[-0.33346313],[0.3193616],[0.62896957],[0.35325124],[0.59714069]
32,HCP-D,8,2,fluidcogcomp,32,-0.015311225784421874,0.9195554335302739,[-0.43101404],[0.55615533],[0.73585355],[0.27757813],[0.03514216]
33,HCP-D,8,2,fluidcogcomp,33,0.2207258281120847,0.14045842720146529,[0.91236227],[0.25180382],[-0.43382839],[0.08259161],[0.14361871]
34,HCP-D,8,2,fluidcogcomp,34,0.05676353719275015,0.7078863502355169,[-0.40979746],[0.14403319],[0.11535099],[0.3695301],[0.92896066]
35,HCP-D,8,2,fluidcogcomp,35,0.06461749201181906,0.6696397718356063,[0.2769159],[0.68686463],[0.56330144],[0.09545924],[0.42277074]
36,HCP-D,8,2,fluidcogcomp,36,-0.07447447492555534,0.6227945653636071,[0.20173707],[0.56705851],[0.46371335],[-0.11942204],[0.7833476]
37,HCP-D,8,2,fluidcogcomp,37,-0.008217738486731282,0.9567738972051834,[-0.5353866],[-0.50942996],[0.81444007],[0.07124826],[-0.37387174]
38,HCP-D,8,2,fluidcogcomp,38,-0.048482980739843515,0.7489938805948256,[0.42875194],[0.40982636],[0.58583307],[-0.11304377],[-0.5958528]
39,HCP-D,8,2,fluidcogcomp,39,-0.0666632304971552,0.6598072287459533,[0.0021808],[-0.3521198],[0.67151135],[0.63089211],[-0.19637872]
40,HCP-D,8,2,fluidcogcomp,40,-0.06108438161581143,0.686749769873039,[0.22357097],[-0.02269297],[0.78327203],[0.37910166],[-0.5787056]
41,HCP-D,8,2,fluidcogcomp,41,-0.2979224087696109,0.04433388392217094,[-0.28385415],[-0.04682434],[-0.03870793],[0.27454117],[0.93783569]
42,HCP-D,8,2,fluidcogcomp,42,-0.10939966036320284,0.4692245151054205,[-0.34957784],[-0.4920313],[-0.3909274],[0.45795283],[0.60929121]
43,HCP-D,8,2,fluidcogcomp,43,0.04016327879306768,0.7910010726755281,[-0.14993678],[-0.55597739],[0.68161925],[0.14037773],[0.75235596]
44,HCP-D,8,2,fluidcogcomp,44,-0.11585736131362187,0.44323308846596204,[0.8173457],[0.09682104],[-0.45270027],[-0.33272795],[-0.276152]
45,HCP-D,8,2,fluidcogcomp,45,-0.21993144900275644,0.14192865105893335,[0.40329814],[-0.3917035],[0.27671979],[0.74982635],[0.67826693]
46,HCP-D,8,2,fluidcogcomp,46,-0.07730554117793015,0.6095978241337483,[0.39656686],[-0.14721535],[0.46024289],[0.30696582],[0.86358968]
47,HCP-D,8,2,fluidcogcomp,47,0.08892052091996779,0.556762523825475,[-0.0638686],[-0.73547725],[0.72127029],[-0.04937175],[0.34312264]
48,HCP-D,8,2,fluidcogcomp,48,0.04378959623540536,0.772611509614928,[0.88515826],[-0.36159973],[-0.03040577],[-0.10868451],[0.28057313]
49,HCP-D,8,2,fluidcogcomp,49,0.1372707299724711,0.36297544110415514,[-0.39602019],[-0.40465529],[1.14516107],[0.37813263],[0.43653491]
50,HCP-D,8,2,fluidcogcomp,50,-0.19729632122264065,0.1887572647898042,[0.81181484],[0.04405882],[0.15271485],[0.24913227],[0.53617942]
51,HCP-D,8,2,fluidcogcomp,51,-0.20290814805675816,0.17623660421503148,[-0.10171794],[-0.71337701],[0.13890923],[0.24910147],[0.78318156]
52,HCP-D,8,2,fluidcogcomp,52,0.020832245171162937,0.8907007440294621,[-0.48123226],[0.74261347],[0.08373467],[-0.21427681],[-0.49291873]
53,HCP-D,8,2,fluidcogcomp,53,-0.06169182604075206,0.6837967184458112,[0.65391609],[0.53488465],[0.10410228],[-0.44114622],[-0.46770679]
54,HCP-D,8,2,fluidcogcomp,54,0.009667268340207064,0.9491584528941746,[-0.12361158],[-0.58772973],[-0.22422746],[0.01141511],[0.80641985]
55,HCP-D,8,2,fluidcogcomp,55,-0.07136176277747118,0.6374402709348912,[0.85438581],[-0.17887252],[0.13058362],[0.45396726],[0.42832685]
56,HCP-D,8,2,fluidcogcomp,56,0.06178946800168391,0.6833224723239067,[0.36440556],[0.18999416],[0.26085949],[0.58348117],[0.82947966]
57,HCP-D,8,2,fluidcogcomp,57,-0.15782777681970123,0.294839408297628,[0.53129053],[0.4583841],[0.41467619],[0.33499936],[0.53565919]
58,HCP-D,8,2,fluidcogcomp,58,-0.10741810013365924,0.47736003049509096,[-0.5694485],[-0.32676086],[-0.07299513],[0.00648826],[0.77759442]
59,HCP-D,8,2,fluidcogcomp,59,0.10684567355453393,0.4797239833407848,[0.77477286],[-0.41394224],[-0.43831631],[-0.23323564],[0.08068374]
60,HCP-D,8,2,fluidcogcomp,60,-0.13676326015828605,0.3647691930326113,[-0.16824119],[0.465412],[0.97391238],[9.72885182e-05],[0.2333219]
61,HCP-D,8,2,fluidcogcomp,61,0.06614906695876076,0.6622732296258923,[0.38475774],[-0.19877778],[-0.08990558],[-0.35565526],[0.86267613]
62,HCP-D,8,2,fluidcogcomp,62,-0.0628260447374278,0.6782952974413666,[-0.25272433],[-0.00458279],[0.93718312],[0.34693246],[0.68639293]
63,HCP-D,8,2,fluidcogcomp,63,0.34026720371179003,0.020678118294927387,[-0.24194565],[-0.18912103],[1.07853306],[0.08993658],[-0.14024477]
64,HCP-D,8,2,fluidcogcomp,64,-0.1681912884807267,0.2638585691795019,[0.66487809],[0.23142886],[0.48224902],[-0.0993732],[-0.53829499]
65,HCP-D,8,2,fluidcogcomp,65,-0.0025531037186435936,0.986564690603306,[0.20505425],[0.29185504],[-0.46083766],[-0.19860747],[0.99502191]
66,HCP-D,8,2,fluidcogcomp,66,-0.007974202416967908,0.9580537631346684,[0.2916382],[0.59930278],[0.05355237],[0.23434956],[0.77855774]
67,HCP-D,8,2,fluidcogcomp,67,0.07723631499749894,0.6099190802582614,[0.67158627],[0.44681472],[-0.2143678],[0.30568048],[0.62561752]
68,HCP-D,8,2,fluidcogcomp,68,0.19352360720353065,0.19752286135415212,[0.47700245],[0.74631265],[0.48256513],[-0.04167825],[-0.05327163]
69,HCP-D,8,2,fluidcogcomp,69,0.18373246624360978,0.22160269920205306,[-0.37500082],[0.72091855],[-0.12903292],[-0.45186006],[-0.45514918]
70,HCP-D,8,2,fluidcogcomp,70,0.005800042181664685,0.9694839778653719,[-0.36570825],[0.76255052],[0.53422139],[0.07772547],[0.0002552]
71,HCP-D,8,2,fluidcogcomp,71,-0.057922379656613954,0.7021954102875867,[0.80367743],[0.34882242],[0.29445652],[-0.18312604],[0.39686784]
72,HCP-D,8,2,fluidcogcomp,72,0.0766378443151325,0.6126994083942412,[0.45483097],[0.07581786],[0.27609969],[0.47590625],[0.78608853]
73,HCP-D,8,2,fluidcogcomp,73,0.0953804695362293,0.5283421115978983,[-0.14962141],[-0.03558929],[-0.33803697],[0.35325416],[0.90262693]
74,HCP-D,8,2,fluidcogcomp,74,-0.23609842767667658,0.11418642745669193,[0.73836633],[-0.25566869],[-0.05034702],[-0.15533023],[0.67414755]
75,HCP-D,8,2,fluidcogcomp,75,0.1923783067145499,0.20023987546742766,[0.77237628],[0.39561952],[0.34277766],[0.61553827],[0.26945521]
76,HCP-D,8,2,fluidcogcomp,76,0.1058368465978144,0.483905101384434,[0.44170603],[0.79492505],[0.34891641],[0.32392702],[0.08149123]
77,HCP-D,8,2,fluidcogcomp,77,0.12254359640967123,0.4171805421095121,[0.43761165],[0.5405168],[0.66400723],[0.33364583],[-0.125578]
78,HCP-D,8,2,fluidcogcomp,78,-0.1984626582182199,0.18610429981494225,[0.50985649],[-0.2479271],[-0.52018646],[0.50174124],[-0.49810298]
79,HCP-D,8,2,fluidcogcomp,79,-0.15716980475170572,0.29688264720236385,[0.51701734],[0.21113197],[0.67277912],[-0.01496717],[0.58977495]
80,HCP-D,8,2,fluidcogcomp,80,-0.08290258812550298,0.5838683734870298,[-0.19814696],[0.11657148],[0.65213236],[0.77629013],[0.14578478]
81,HCP-D,8,2,fluidcogcomp,81,-0.20102478348238034,0.1803701118073773,[-0.3129931],[-0.38952856],[0.16218192],[0.5414302],[0.7008549]
82,HCP-D,8,2,fluidcogcomp,82,0.07221687577195254,0.6334029078747015,[-0.65976942],[0.61859192],[-0.27175653],[-0.00163983],[0.52853642]
83,HCP-D,8,2,fluidcogcomp,83,-0.08953907131577173,0.5540103948037353,[0.20080678],[-0.65355772],[0.67336663],[0.06926075],[-0.43545349]
84,HCP-D,8,2,fluidcogcomp,84,0.10287117789453369,0.4963060966472843,[0.19861651],[0.29685931],[0.507302],[-0.40716893],[0.68694171]
85,HCP-D,8,2,fluidcogcomp,85,-0.08457810766466295,0.5762621883217153,[-0.71005842],[0.40828347],[-0.43255616],[0.5147942],[-0.00641167]
86,HCP-D,8,2,fluidcogcomp,86,0.04489704973461387,0.7670194380556298,[-0.20698],[-0.1484379],[0.04421205],[0.55697265],[0.8052905]
87,HCP-D,8,2,fluidcogcomp,87,0.024339288384525565,0.872441725102929,[-0.22138549],[-0.51687826],[0.91974387],[-0.06880675],[0.20265885]
88,HCP-D,8,2,fluidcogcomp,88,0.010361887227426411,0.9455106570254278,[-0.5802273],[0.5004486],[-0.0613402],[-0.13545037],[0.63951585]
89,HCP-D,8,2,fluidcogcomp,89,-0.14299858783482217,0.34310055545581747,[-0.39930318],[0.31545398],[0.97918105],[0.23983992],[0.2585689]
90,HCP-D,8,2,fluidcogcomp,90,-0.1118110331993436,0.4594250832914717,[-0.12304485],[0.07923773],[0.76876585],[0.45313527],[0.64991091]
91,HCP-D,8,2,fluidcogcomp,91,0.26601753662070926,0.07395088657163634,[0.06091398],[0.58817786],[0.82463232],[0.24253668],[0.14256932]
92,HCP-D,8,2,fluidcogcomp,92,0.3782812674298568,0.009538300234670482,[-0.5806648],[0.5343165],[0.50278585],[-0.04311788],[-0.42169681]
93,HCP-D,8,2,fluidcogcomp,93,0.15718656401000108,0.29683049052121757,[-0.48344431],[-0.36234257],[1.02737132],[0.28402378],[0.36160308]
94,HCP-D,8,2,fluidcogcomp,94,-0.07801532173960068,0.6063081629797161,[0.19846639],[0.83985486],[-0.06750054],[-0.2989153],[-0.53843362]
95,HCP-D,8,2,fluidcogcomp,95,0.09994123396078308,0.5087164487616862,[-0.32152863],[-0.39212901],[0.34107607],[0.26474202],[0.79798418]
96,HCP-D,8,2,fluidcogcomp,96,0.036091766616302416,0.8117824895686429,[0.28480444],[0.68058219],[-0.41826081],[-0.29105094],[-0.7111054]
97,HCP-D,8,2,fluidcogcomp,97,0.09083493412803663,0.548265619272071,[-0.25632162],[-0.24098778],[0.4463629],[0.14643541],[0.86753135]
98,HCP-D,8,2,fluidcogcomp,98,0.06964549423910082,0.6455748514440864,[-0.54980258],[-0.33264527],[0.89633042],[0.12278931],[-0.01870681]
99,HCP-D,8,2,fluidcogcomp,99,-0.10384577684709087,0.49221283320487386,[-0.37282955],[-0.32359318],[0.44543654],[0.65340092],[-0.53550139]
100,HCP-D,8,2,fluidcogcomp,100,0.0890960712762647,0.5559807906479618,[0.63802058],[-0.48099027],[-0.46479089],[0.39443723],[0.00512211]
101,HCP-D,8,2,fluidcogcomp,101,0.24972039522128245,0.09418787495109329,[0.63725404],[0.30733213],[0.10532416],[-0.23471621],[-0.73743827]
102,HCP-D,8,2,fluidcogcomp,102,0.2677570301009532,0.07201129504152731,[-0.36445876],[0.2730225],[0.65980266],[-0.18513733],[-0.59933948]
103,HCP-D,8,2,fluidcogcomp,103,-0.09433151762619603,0.532907969108811,[0.41969288],[0.91064285],[-0.65659043],[-0.3109342],[-0.45957714]
104,HCP-D,8,2,fluidcogcomp,104,-0.06506292237384795,0.6674941442983546,[0.29718374],[1.00390507],[-0.51562941],[-0.18251135],[-0.22583139]
105,HCP-D,8,2,fluidcogcomp,105,-0.04482749500426869,0.7673703124731768,[0.08420747],[-0.08120392],[0.98352025],[0.00323452],[0.35286638]
106,HCP-D,8,2,fluidcogcomp,106,0.08300026688922313,0.5834237147384056,[0.76683247],[0.527039],[0.34748453],[0.10436134],[-0.29888902]
107,HCP-D,8,2,fluidcogcomp,107,-0.2539509799461289,0.08856375087640111,[-0.38904001],[0.46714748],[-0.32473147],[-0.12611391],[0.73703898]
108,HCP-D,8,2,fluidcogcomp,108,0.05432097256177155,0.7199328917462875,[0.5397007],[-0.59201264],[-0.2939048],[0.70795266],[0.43495684]
109,HCP-D,8,2,fluidcogcomp,109,-0.06348432102775628,0.6751099437023463,[-0.55589294],[0.84270534],[0.19188625],[-0.03405451],[0.19416079]
110,HCP-D,8,2,fluidcogcomp,110,0.25240170554017766,0.09059220929909104,[-0.19562908],[0.22685168],[0.55216536],[0.26597161],[0.90992948]
111,HCP-D,8,2,fluidcogcomp,111,-0.06415310181560265,0.6718795032218894,[0.93758736],[-0.42216483],[0.12620457],[0.03458877],[-0.07397293]
112,HCP-D,8,2,fluidcogcomp,112,-0.12144074431273891,0.42141666399182176,[-0.49155256],[-0.42001537],[0.93528204],[0.32712277],[0.47331857]
113,HCP-D,8,2,fluidcogcomp,113,0.004210310199239495,0.9778456386011296,[0.85396541],[0.20378015],[-0.46030053],[0.14267258],[-0.1199908]
114,HCP-D,8,2,fluidcogcomp,114,-0.016118095272787118,0.9153311863773542,[-0.38556829],[0.63989841],[0.55841312],[0.29250515],[0.29755724]
115,HCP-D,8,2,fluidcogcomp,115,0.0845706830033151,0.5762957934951711,[0.78159873],[0.58981143],[0.28260357],[-0.32488829],[-0.06032986]
116,HCP-D,8,2,fluidcogcomp,116,0.06188775036875469,0.6828452375621947,[-0.56450114],[0.50033201],[-0.09943977],[-0.04083123],[0.66873252]
117,HCP-D,8,2,fluidcogcomp,117,-0.022002026155080567,0.8846037153934779,[-0.41341706],[-0.53372398],[-0.34594794],[0.26740826],[-0.83409589]
118,HCP-D,8,2,fluidcogcomp,118,0.0902913280162208,0.5506720531724583,[-0.14740583],[-0.39621843],[0.22088499],[0.67255233],[0.79626061]
119,HCP-D,8,2,fluidcogcomp,119,-0.008014065000731208,0.9578442642965656,[0.68289857],[-0.5694036],[-0.10232484],[0.16285439],[0.44354323]
120,HCP-D,8,2,fluidcogcomp,120,-0.08153734183150071,0.5900992062975078,[-0.60194636],[0.24388356],[-0.4280822],[-0.42229923],[0.51606233]
121,HCP-D,8,2,fluidcogcomp,121,0.03998227897829188,0.7919219884704721,[-0.4917051],[-0.3917353],[0.55844279],[0.22027354],[0.7926957]
122,HCP-D,8,2,fluidcogcomp,122,0.2411053932404552,0.10649129130219387,[0.64471594],[0.55506892],[-0.21360306],[0.0535351],[0.5657285]
123,HCP-D,8,2,fluidcogcomp,123,-0.016464611916583903,0.9135177507413064,[0.59362101],[0.40863691],[-0.3118486],[0.61465689],[0.37213797]
124,HCP-D,8,2,fluidcogcomp,124,-0.18946462128997238,0.2072705174269859,[0.86658079],[-0.26074593],[0.55461659],[0.07719546],[0.15353593]
125,HCP-D,8,2,fluidcogcomp,125,-0.007995794281617018,0.9579402861844617,[0.71191588],[0.45523976],[0.59878359],[-0.0439349],[-0.38785519]
126,HCP-D,8,2,fluidcogcomp,126,-0.009753913660194602,0.9487033767177957,[0.99228822],[-0.14276907],[0.01550256],[0.18053346],[0.01223352]
127,HCP-D,8,2,fluidcogcomp,127,-0.03029944277455185,0.8415657303429434,[-0.296942],[-0.85842318],[0.88170869],[0.34341926],[-0.28170139]
128,HCP-D,8,2,fluidcogcomp,128,0.14135992738547862,0.348716653711059,[0.58026951],[0.5427707],[-0.60430406],[0.35646948],[-0.16669162]
129,HCP-D,8,2,fluidcogcomp,129,-0.15692105140496387,0.2976574910085076,[-0.66403213],[0.66483905],[0.08425138],[0.09640168],[0.36584887]
130,HCP-D,8,2,fluidcogcomp,130,-0.054543127486891656,0.718834409321774,[-0.51960408],[-0.33928768],[0.77499613],[-0.27458102],[-0.20884686]
131,HCP-D,8,2,fluidcogcomp,131,0.14159632451869797,0.3479030004765863,[-0.28752887],[0.12021302],[0.96356451],[-0.09762367],[0.27685631]
132,HCP-D,8,2,fluidcogcomp,132,-0.04763318040539706,0.7532540540282127,[-0.29071695],[-0.49264916],[0.70334331],[0.46351471],[-0.40811948]
133,HCP-D,8,2,fluidcogcomp,133,0.18211175100070892,0.22577637118066882,[-0.1816129],[-0.32667311],[0.83397962],[0.40290938],[-0.42999688]
134,HCP-D,8,2,fluidcogcomp,134,0.012543752190013038,0.9340600910853651,[0.6875294],[0.55986109],[-0.36582833],[-0.3596327],[0.00765357]
135,HCP-D,8,2,fluidcogcomp,135,-0.08207198680874477,0.5876556242215232,[0.41953554],[0.41108095],[-0.47698581],[-0.49599623],[0.54009761]
136,HCP-D,8,2,fluidcogcomp,136,0.020774964271179943,0.8909994616777693,[-0.07441322],[-0.8622087],[0.74009753],[-0.07914261],[-0.06286807]
137,HCP-D,8,2,fluidcogcomp,137,-0.06765388348632213,0.6550659835271551,[-0.62337229],[0.46819638],[-0.51032767],[0.43972735],[0.35076048]
138,HCP-D,8,2,fluidcogcomp,138,-0.11642111325126654,0.44100242627555886,[0.46475758],[0.7257235],[-0.65492027],[-0.37120508],[-0.22130282]
139,HCP-D,8,2,fluidcogcomp,139,-0.27035246751421577,0.06919232372367345,[0.76112344],[0.16354505],[0.47975569],[0.3665418],[0.3285463]
140,HCP-D,8,2,fluidcogcomp,140,0.06739433313485534,0.6563068984085949,[0.45920038],[0.67769175],[0.13339289],[-0.11270343],[-0.55231357]
141,HCP-D,8,2,fluidcogcomp,141,-0.01528616002186428,0.919686697375318,[0.74265471],[-0.54019612],[-0.283349],[0.23284507],[-0.26355963]
142,HCP-D,8,2,fluidcogcomp,142,0.1493941925696036,0.32171925521253175,[-0.46679414],[0.54090327],[0.44544399],[0.26752663],[0.50661085]
143,HCP-D,8,2,fluidcogcomp,143,0.07056601167894348,0.6412067171098338,[0.35169228],[0.73571714],[0.02226374],[0.39583507],[0.84861263]
144,HCP-D,8,2,fluidcogcomp,144,-0.10035218644957669,0.5069663637558153,[0.42300074],[0.33242215],[-0.37850469],[-0.05960101],[0.75644283]
145,HCP-D,8,2,fluidcogcomp,145,-0.060848859451297525,0.6878959913607836,[0.68459076],[0.53333253],[0.50569275],[0.05784627],[0.0742782]
146,HCP-D,8,2,fluidcogcomp,146,0.13573641971015532,0.3684150807771136,[-0.64915264],[-0.61945833],[0.54272133],[-0.01588455],[0.42206754]
147,HCP-D,8,2,fluidcogcomp,147,0.04591467037344245,0.7618912754052947,[0.52601072],[0.63993321],[0.12315038],[-0.05653671],[-0.5738042]
148,HCP-D,8,2,fluidcogcomp,148,-0.013355568754570215,0.9298028630354345,[0.46370011],[0.21370546],[-0.21867148],[0.33632104],[0.85921439]
149,HCP-D,8,2,fluidcogcomp,149,-0.053992416563145004,0.7215585154845772,[0.11824519],[-0.18311551],[-0.42072066],[-0.61924127],[0.69020808]
150,HCP-D,8,2,fluidcogcomp,150,0.28750857644431316,0.05269176806738677,[0.11364495],[0.10404663],[-0.06904475],[0.11781923],[0.98720622]
151,HCP-D,8,2,fluidcogcomp,151,0.026376227268225166,0.8618660610957394,[0.16027617],[0.03752405],[0.9766616],[-0.17273743],[-0.25543538]
152,HCP-D,8,2,fluidcogcomp,152,0.2968903851788346,0.045110624447040296,[0.79586205],[-0.30425394],[0.03753129],[0.23800212],[0.54899954]
153,HCP-D,8,2,fluidcogcomp,153,0.10003280428906686,0.5083262222256525,[-0.65668344],[-0.38332698],[-0.19350696],[0.55579141],[0.55309681]
154,HCP-D,8,2,fluidcogcomp,154,-0.020340884437608012,0.8932636535996012,[0.77954261],[0.24561497],[0.50719714],[-0.40715474],[-0.10508802]
155,HCP-D,8,2,fluidcogcomp,155,0.0771696480753739,0.6102285283086784,[0.33707247],[0.65051288],[0.08729113],[0.59107292],[0.41121828]
156,HCP-D,8,2,fluidcogcomp,156,0.1568913554691527,0.2977500782108082,[0.79409216],[0.42705906],[-0.35424707],[0.07418888],[0.29871426]
157,HCP-D,8,2,fluidcogcomp,157,0.019632751984440824,0.8969591191534808,[0.58300854],[-0.15982807],[0.21601964],[0.18712116],[0.75353825]
158,HCP-D,8,2,fluidcogcomp,158,-0.018838265865913518,0.9011077972082107,[0.51059278],[-0.13863307],[-0.55423065],[-0.0842376],[0.65833629]
159,HCP-D,8,2,fluidcogcomp,159,0.012890791806602844,0.9322399591234476,[-0.57667759],[0.22415481],[0.91309279],[0.0818674],[-0.36584906]
160,HCP-D,8,2,fluidcogcomp,160,0.0633219694558883,0.6758950326373844,[-0.37786321],[0.26011776],[0.95063583],[0.30199335],[0.18152492]
161,HCP-D,8,2,fluidcogcomp,161,0.1915634278485033,0.20218899388651118,[-0.0249609],[0.10480856],[-0.39158979],[0.27885658],[0.8810564]
162,HCP-D,8,2,fluidcogcomp,162,0.23104172908660778,0.12237965129157982,[0.90375676],[-0.29859474],[-0.43178868],[-0.08132069],[-0.08751043]
163,HCP-D,8,2,fluidcogcomp,163,-0.08392268839228004,0.5792321504248247,[-0.54695789],[-0.04562377],[0.03877346],[0.90649214],[0.27650892]
164,HCP-D,8,2,fluidcogcomp,164,-0.13937690675754827,0.35558787740921005,[0.47801466],[-0.29519677],[0.42478525],[0.40559219],[0.63650071]
165,HCP-D,8,2,fluidcogcomp,165,0.14100971340819313,0.3499241954456509,[-0.42670058],[-0.00799107],[0.27329889],[0.1345595],[0.87207727]
166,HCP-D,8,2,fluidcogcomp,166,-0.17891374383209782,0.23417003950729665,[0.2722393],[-0.30782114],[-0.45338355],[0.84556407],[0.16061352]
167,HCP-D,8,2,fluidcogcomp,167,-0.02563090269746594,0.8657330687894194,[0.55003217],[-0.34377385],[-0.31391323],[0.69114075],[0.516961]
168,HCP-D,8,2,fluidcogcomp,168,0.03935666782450657,0.7951072111189479,[-0.32825338],[0.89899685],[-0.11880818],[0.02271765],[0.42112703]
169,HCP-D,8,2,fluidcogcomp,169,-0.1785547134225064,0.23512552097502049,[-0.49201632],[0.43817514],[0.18265342],[0.75566264],[0.48234078]
170,HCP-D,8,2,fluidcogcomp,170,0.2257441611247576,0.13143085143998762,[-0.6323702],[-0.28742902],[0.45840824],[-0.14156939],[0.63526815]
171,HCP-D,8,2,fluidcogcomp,171,-0.04697368763807043,0.7565652008568117,[-0.22814105],[-0.17207818],[1.16557256],[0.22162462],[0.13457659]
172,HCP-D,8,2,fluidcogcomp,172,-0.0389086307713476,0.797390368189271,[-0.46966979],[0.23229061],[0.3875128],[0.01474566],[0.83835633]
173,HCP-D,8,2,fluidcogcomp,173,-0.041996341784422686,0.781690631535965,[0.17296996],[-0.4900153],[-0.00924147],[0.76624242],[-0.66146935]
174,HCP-D,8,2,fluidcogcomp,174,-0.0479244998820921,0.7517928025092563,[-0.24321344],[0.09656741],[0.49006526],[0.37660129],[0.7806775]
175,HCP-D,8,2,fluidcogcomp,175,-0.19513088246047805,0.19375397699747804,[0.62080274],[-0.3020058],[-0.46275165],[-0.56055994],[-0.32155456]
176,HCP-D,8,2,fluidcogcomp,176,0.012925118621995236,0.9320599423992955,[-0.13876461],[-0.01400341],[0.71267109],[0.41212223],[0.70548205]
177,HCP-D,8,2,fluidcogcomp,177,-0.105521688772636,0.4852151845004852,[0.59999998],[0.34626226],[0.38902394],[-0.13479676],[0.72495626]
178,HCP-D,8,2,fluidcogcomp,178,0.1335199621896501,0.37635909514883314,[0.67624983],[-0.36132468],[-0.40919223],[-0.23324368],[0.46944428]
179,HCP-D,8,2,fluidcogcomp,179,-0.06379641267308878,0.6736017105478861,[0.63822615],[-0.36262478],[0.68958504],[0.143702],[0.30298205]
180,HCP-D,8,2,fluidcogcomp,180,0.09453507991090825,0.5320204025600809,[0.54967781],[0.65073935],[-0.07638349],[0.42262711],[-0.44376868]
181,HCP-D,8,2,fluidcogcomp,181,-0.06271040702047481,0.6788554359112937,[-0.31465986],[0.16722333],[0.70900964],[0.30065766],[0.55849418]
182,HCP-D,8,2,fluidcogcomp,182,-0.19765660260023662,0.18793490670533536,[0.95173174],[0.05900176],[0.03336393],[0.26062118],[0.24786901]
183,HCP-D,8,2,fluidcogcomp,183,-0.23260133545311726,0.11980673976625167,[0.02996835],[-0.13292991],[0.554779],[-0.32062539],[0.81249656]
184,HCP-D,8,2,fluidcogcomp,184,0.010692895203844123,0.9437727497678507,[0.37653357],[-0.024132],[0.7647625],[0.54412199],[0.50742238]
185,HCP-D,8,2,fluidcogcomp,185,0.04008887838266822,0.7913795833173413,[-0.14995848],[0.94069875],[0.02527814],[0.04436222],[0.33029828]
186,HCP-D,8,2,fluidcogcomp,186,0.10023965714528463,0.5074452779366105,[0.85894331],[-0.4970454],[0.13223801],[-0.02327229],[-0.12929899]
187,HCP-D,8,2,fluidcogcomp,187,0.06248600098066896,0.6799429266665066,[0.70572474],[-0.39997313],[0.66302966],[-0.25494507],[-0.17219196]
188,HCP-D,8,2,fluidcogcomp,188,0.14026682517610908,0.3524941493625665,[0.05252325],[0.84402414],[-0.04281198],[0.35472284],[-0.50928981]
189,HCP-D,8,2,fluidcogcomp,189,0.03692155762281847,0.8075362514049365,[0.87137996],[0.15962965],[0.10848232],[-0.05160771],[-0.46579751]
190,HCP-D,8,2,fluidcogcomp,190,-0.22383757641747043,0.13480804249115663,[0.82661368],[0.42568755],[0.33617173],[-0.39104504],[-0.04026413]
191,HCP-D,8,2,fluidcogcomp,191,0.010831788452631552,0.9430435882880048,[0.23208652],[-0.15991505],[-0.05492966],[-0.12340761],[0.95905279]
192,HCP-D,8,2,fluidcogcomp,192,0.15374561145710114,0.3076632192246234,[0.89523513],[-0.06545237],[0.17318622],[-0.06728753],[-0.42017694]
193,HCP-D,8,2,fluidcogcomp,193,0.0409279890089919,0.7871133967419213,[0.88581286],[0.39041017],[-0.21137498],[-0.02512073],[0.18689006]
194,HCP-D,8,2,fluidcogcomp,194,0.07089723484120689,0.6396378823507263,[-0.5006277],[0.00568345],[0.93246808],[0.40957355],[-0.12156532]
195,HCP-D,8,2,fluidcogcomp,195,-0.23813640906779357,0.11100483238035483,[-0.14554108],[-0.10188698],[-0.20819117],[-0.0764332],[0.98808068]
196,HCP-D,8,2,fluidcogcomp,196,0.07550914861564956,0.6179576643047452,[0.24575121],[-0.13268982],[0.14062247],[0.1602878],[1.02890083]
197,HCP-D,8,2,fluidcogcomp,197,0.0206148056142809,0.8918347619355426,[0.33150723],[-0.3372144],[-0.33738226],[0.13101656],[0.90015606]
198,HCP-D,8,2,fluidcogcomp,198,0.0035698035872066096,0.9812152849477216,[-0.31574355],[0.65709243],[0.12279135],[-0.21081625],[-0.68983011]
199,HCP-D,8,2,fluidcogcomp,199,-0.018068220881610222,0.9051313391009925,[-0.29372935],[0.21587709],[0.96730576],[0.28779841],[-0.05266495]
200,HCP-D,8,2,fluidcogcomp,200,0.007826360614999592,0.9588307738562445,[0.9345842],[0.05757852],[0.06680444],[-0.48304906],[0.09462315]
201,HCP-D,8,2,fluidcogcomp,201,0.21713808960392855,0.14718920418770956,[0.35049537],[0.27661525],[0.48105133],[0.37393173],[0.77288102]
202,HCP-D,8,2,fluidcogcomp,202,0.25524238952195155,0.08690007008781593,[0.0668925],[-0.13092917],[0.677677],[0.52123567],[0.67897568]
203,HCP-D,8,2,fluidcogcomp,203,-0.11353067650398979,0.45250491056880543,[-0.48728879],[0.32356681],[0.84256894],[0.23002529],[-0.36514064]
204,HCP-D,8,2,fluidcogcomp,204,0.25155121751478043,0.09172098649340002,[0.26064266],[0.41091367],[0.98881147],[-0.10345067],[0.14535342]
205,HCP-D,8,2,fluidcogcomp,205,-0.006014796383799377,0.9683546439074476,[-0.38862176],[0.83402735],[0.36157695],[-0.09363439],[-0.19505537]
206,HCP-D,8,2,fluidcogcomp,206,0.03048005835680285,0.8406334908384443,[0.66373211],[0.50988836],[0.30026752],[-0.08628148],[-0.47903353]
207,HCP-D,8,2,fluidcogcomp,207,0.057985186863056454,0.7018874281530776,[-0.27122877],[0.75755319],[0.31954717],[-0.49047295],[-0.42958899]
208,HCP-D,8,2,fluidcogcomp,208,-0.12685462438668277,0.4008559349334974,[0.28482733],[-0.02369909],[0.67032695],[0.46371176],[0.56543838]
209,HCP-D,8,2,fluidcogcomp,209,-0.036394090630303015,0.8102347997795707,[0.88833391],[0.17441204],[-0.05946385],[0.33854103],[-0.38347779]
210,HCP-D,8,2,fluidcogcomp,210,-0.0871661750568457,0.5646029720801065,[0.65315001],[-0.12006294],[-0.36625964],[-0.62114442],[-0.43539095]
211,HCP-D,8,2,fluidcogcomp,211,0.10773969002211432,0.47603466409092526,[0.33244079],[-0.13447597],[0.70778625],[0.25036048],[0.74439474]
212,HCP-D,8,2,fluidcogcomp,212,-0.28959555033371376,0.050922178519088326,[0.5053304],[-0.31220745],[0.07130349],[0.47426167],[0.72976879]
213,HCP-D,8,2,fluidcogcomp,213,-0.23434383680942422,0.11698071216177466,[0.35544819],[-0.28227832],[0.68042577],[-0.50949199],[-0.47279853]
214,HCP-D,8,2,fluidcogcomp,214,-0.06924684282626571,0.6474702532069464,[0.70966035],[-0.23992092],[0.24532588],[0.65670473],[0.34393022]
215,HCP-D,8,2,fluidcogcomp,215,-0.04461127166854556,0.7684613621934782,[0.54964851],[0.64677063],[0.3487298],[-0.27026478],[-0.32651769]
216,HCP-D,8,2,fluidcogcomp,216,0.08669114733955646,0.5667347336996034,[0.28416707],[-0.64135605],[0.54094633],[-0.15762139],[0.62533232]
217,HCP-D,8,2,fluidcogcomp,217,-0.14212652858979188,0.3460823381761683,[0.92839817],[-0.35321454],[0.0799162],[0.16628909],[0.06898638]
218,HCP-D,8,2,fluidcogcomp,218,-0.20260858095946316,0.17688947719389914,[0.48284013],[-0.47924566],[0.25517924],[0.35739775],[0.6430505]
219,HCP-D,8,2,fluidcogcomp,219,0.13987013389707437,0.3538711768143681,[0.48267758],[-0.45245207],[-0.32840705],[0.38230476],[0.60637949]
220,HCP-D,8,2,fluidcogcomp,220,-0.03983507660518154,0.7926711517899186,[0.05121482],[0.78267306],[0.22751751],[-0.02157153],[-0.59354442]
221,HCP-D,8,2,fluidcogcomp,221,0.07459484502269745,0.6222310445521106,[-0.35494881],[0.92984267],[-0.01159691],[-0.23710286],[0.08628825]
222,HCP-D,8,2,fluidcogcomp,222,-0.07338831422453718,0.6278891186559823,[-0.40953432],[0.37758844],[0.03635827],[0.28562292],[0.82743954]
223,HCP-D,8,2,fluidcogcomp,223,0.03653056348569418,0.8095363873970977,[0.38767866],[-0.36733706],[-0.27847352],[-0.09866634],[0.80123074]
224,HCP-D,8,2,fluidcogcomp,224,0.1017661811717317,0.5009681360052141,[0.84581168],[-0.27069663],[0.29161271],[-0.10260629],[0.47850914]
225,HCP-D,8,2,fluidcogcomp,225,0.03420024135829669,0.8214816913027706,[0.93583645],[0.23758441],[0.37393772],[-0.0252736],[0.17134795]
226,HCP-D,8,2,fluidcogcomp,226,0.18952912454752413,0.20711302536558918,[0.07757046],[0.78969201],[-0.005225],[-0.32057624],[0.56602816]
227,HCP-D,8,2,fluidcogcomp,227,-0.02108169308759311,0.8894000580797111,[0.20504405],[0.68055208],[-0.38307675],[-0.51282848],[0.41290413]
228,HCP-D,8,2,fluidcogcomp,228,-0.10311304825254095,0.49528862177505195,[0.33398475],[0.89130389],[-0.42045816],[-0.39229807],[0.34634611]
229,HCP-D,8,2,fluidcogcomp,229,0.10961117665729085,0.4683605071836904,[-0.58365384],[-0.41302241],[0.60930961],[-0.42722448],[0.00198216]
230,HCP-D,8,2,fluidcogcomp,230,0.1446742699680805,0.3374156351770944,[0.43779013],[0.45184651],[-0.10450227],[0.02143391],[0.80024896]
231,HCP-D,8,2,fluidcogcomp,231,-0.02248120420343675,0.882108069302469,[0.4417448],[0.06141961],[0.9926736],[-0.15229096],[0.30586014]
232,HCP-D,8,2,fluidcogcomp,232,0.1776580508743483,0.23752341899259494,[-0.33171157],[0.00244889],[0.75117627],[-0.54479629],[-0.28157264]
233,HCP-D,8,2,fluidcogcomp,233,-0.09045919409891404,0.5499284088287851,[0.69201091],[0.07191275],[0.12500218],[0.83003678],[0.30506959]
234,HCP-D,8,2,fluidcogcomp,234,0.1422627656438993,0.34561546320294606,[-0.37519601],[-0.07660701],[-0.04065754],[0.82482895],[-0.69315124]
235,HCP-D,8,2,fluidcogcomp,235,0.12858947203583904,0.3943926115306976,[-0.42234851],[-0.23098592],[0.18432074],[0.71787559],[0.5142075]
236,HCP-D,8,2,fluidcogcomp,236,-0.02272756406118325,0.8808254206608948,[-0.5891292],[0.49003321],[0.59376933],[-0.28554072],[0.20220774]
237,HCP-D,8,2,fluidcogcomp,237,0.24115062381346647,0.10642363344576797,[0.33073378],[0.86477899],[-0.00399766],[-0.57444726],[0.05808278]
238,HCP-D,8,2,fluidcogcomp,238,0.18090026779243945,0.2289313531249898,[0.02858352],[0.34875206],[1.05379581],[-0.05545766],[0.05205348]
239,HCP-D,8,2,fluidcogcomp,239,-0.10446385783755614,0.4896260152268696,[-0.4401362],[0.71757252],[0.24008414],[0.3287013],[-0.36015389]
240,HCP-D,8,2,fluidcogcomp,240,-0.17956508890444364,0.232443413312862,[-0.30344416],[-0.32235807],[-0.53468387],[0.02575326],[0.77485329]
241,HCP-D,8,2,fluidcogcomp,241,0.15457753481422584,0.3050213166399558,[-0.04004724],[0.79270427],[0.19141498],[-0.29462593],[0.54776143]
242,HCP-D,8,2,fluidcogcomp,242,0.002051829911735255,0.9892023912228689,[0.47513389],[0.76948135],[-0.61673101],[-0.03048834],[-0.08160222]
243,HCP-D,8,2,fluidcogcomp,243,0.2716922170574007,0.06777182352231079,[0.39124017],[0.77202338],[0.10359198],[-0.30152635],[-0.41855183]
244,HCP-D,8,2,fluidcogcomp,244,0.08433915822381591,0.577344158333811,[0.63232919],[0.80955785],[-0.2347311],[-0.08880389],[-0.28720612]
245,HCP-D,8,2,fluidcogcomp,245,-0.03204677571302681,0.8325561306114307,[-0.387561],[0.90658023],[0.12504236],[0.11222018],[-0.17927002]
246,HCP-D,8,2,fluidcogcomp,246,0.16210602586833675,0.28177626420217505,[0.81720622],[-0.37028453],[0.46029441],[-0.20063923],[0.2207818]
247,HCP-D,8,2,fluidcogcomp,247,0.0308280126120163,0.8388381492071554,[-0.58177854],[0.43610037],[0.628899],[-0.17896576],[-0.28581094]
248,HCP-D,8,2,fluidcogcomp,248,0.17233417866448997,0.25210395271943264,[-0.32886422],[-0.28261773],[0.85677483],[-0.20014946],[-0.48714114]
249,HCP-D,8,2,fluidcogcomp,249,-0.010343977532287874,0.9456046963800133,[-0.39901268],[0.73352364],[-0.55737028],[-0.39940751],[-0.20202172]
250,HCP-D,8,2,fluidcogcomp,250,-0.07196219006970248,0.63460429584052,[-0.45756358],[-0.89441711],[0.68469007],[0.21690512],[0.22014154]
251,HCP-D,8,2,fluidcogcomp,251,-0.14613854071753812,0.3324960979939051,[0.4679919],[0.62103545],[-0.39502834],[-0.30918415],[0.462966]
252,HCP-D,8,2,fluidcogcomp,252,0.002466850637004102,0.9870185446241161,[0.07098144],[0.90552108],[-0.28788614],[-0.30586497],[0.28294828]
253,HCP-D,8,2,fluidcogcomp,253,-0.11795978687947929,0.4349458985064927,[0.6980713],[0.38342983],[-0.49057621],[-0.30349788],[-0.51133306]
254,HCP-D,8,2,fluidcogcomp,254,0.07750067384635004,0.6086926681462463,[-0.30377537],[0.29066205],[-0.43796897],[-0.52838791],[0.63829964]
255,HCP-D,8,2,fluidcogcomp,255,0.17898889472946514,0.2339703783473781,[-0.3276374],[0.35654304],[0.63779755],[-0.61273176],[-0.46126256]
256,HCP-D,8,2,fluidcogcomp,256,0.25570267661176493,0.08631302038404168,[-0.02418801],[-0.10650818],[0.39300798],[0.19063936],[1.03473785]
257,HCP-D,8,2,fluidcogcomp,257,0.11754454135456649,0.4365758041965103,[0.36575888],[0.0074096],[-0.17384137],[0.9624583],[0.34375717]
258,HCP-D,8,2,fluidcogcomp,258,0.14700515105235903,0.3296057119684217,[-0.12301532],[-0.42098035],[0.36402344],[0.59184527],[0.76224542]
259,HCP-D,8,2,fluidcogcomp,259,-0.0025969791357715235,0.9863338246917659,[0.86578439],[-0.30971898],[0.22430066],[0.42445653],[0.03130724]
260,HCP-D,8,2,fluidcogcomp,260,0.14263752302534174,0.344333195975123,[0.47647638],[0.30326158],[0.1640508],[0.09365299],[0.81377991]
261,HCP-D,8,2,fluidcogcomp,261,-0.24327365971567586,0.1032847625044982,[0.48787706],[0.66029168],[0.24866115],[-0.05199946],[0.5403154]
262,HCP-D,8,2,fluidcogcomp,262,0.21631734943566192,0.14876186329299534,[0.5021856],[-0.61176646],[0.15246777],[0.63909026],[-0.39023546]
263,HCP-D,8,2,fluidcogcomp,263,0.08466592797498251,0.5758647676628518,[0.14785351],[0.97083986],[0.23746664],[-0.30321804],[0.23962449]
264,HCP-D,8,2,fluidcogcomp,264,0.09007188460521012,0.5516449042673259,[0.58775876],[-0.65354867],[-0.05808548],[0.3981196],[0.35740856]
265,HCP-D,8,2,fluidcogcomp,265,0.03057920896865029,0.8401218208887198,[0.33782978],[0.72286597],[-0.3299934],[0.23210145],[-0.515421]
266,HCP-D,8,2,fluidcogcomp,266,0.10610357632244945,0.48279777864309514,[-0.25193868],[0.44482818],[0.90705296],[0.17306246],[0.4095566]
267,HCP-D,8,2,fluidcogcomp,267,0.008042346774391196,0.9576956304088318,[-0.33927472],[0.93223074],[0.10916952],[-0.25474861],[-0.09726271]
268,HCP-D,8,2,fluidcogcomp,268,0.1463347150414405,0.3318404224074807,[-0.2157885],[0.38173075],[0.88429897],[0.30267106],[-0.05435835]
269,HCP-D,8,2,fluidcogcomp,269,-0.13852350382710657,0.3585701417746142,[0.7382291],[0.42551884],[-0.58001711],[-0.30773188],[0.3298195]
270,HCP-D,8,2,fluidcogcomp,270,0.05052785888278133,0.7387730890558375,[0.73610791],[-0.29518086],[0.84351108],[0.14435862],[0.0068987]
271,HCP-D,8,2,fluidcogcomp,271,-0.3006038356420919,0.04236655762219195,[0.92154711],[-0.04316034],[0.34007889],[0.14307077],[-0.25533126]
272,HCP-D,8,2,fluidcogcomp,272,0.11735865151895312,0.43730655111925637,[0.61683837],[-0.45901047],[-0.30634476],[0.45349604],[-0.56774897]
273,HCP-D,8,2,fluidcogcomp,273,0.10706119366632863,0.47883322600842887,[0.36365018],[0.54467581],[0.00027769],[-0.30122402],[0.70307655]
274,HCP-D,8,2,fluidcogcomp,274,-0.09347430522902439,0.5366534784671261,[-0.51998596],[0.58984333],[0.7274167],[0.00124164],[-0.12277258]
275,HCP-D,8,2,fluidcogcomp,275,-0.16565891598468482,0.2712205553568731,[0.44717442],[0.51486676],[0.82708601],[-0.24827997],[-0.16361394]
276,HCP-D,8,2,fluidcogcomp,276,-0.16432110958929833,0.2751640729302991,[0.08349608],[-0.53353641],[-0.41033162],[0.15622098],[0.72549403]
277,HCP-D,8,2,fluidcogcomp,277,0.21240259346948726,0.1564338351664602,[-0.38971025],[-0.7032207],[-0.03336351],[0.95626873],[-0.22027567]
278,HCP-D,8,2,fluidcogcomp,278,-0.21325542356181953,0.15473831146097072,[-0.48310853],[-0.46606084],[0.12658136],[0.46561751],[0.62900473]
279,HCP-D,8,2,fluidcogcomp,279,-0.12388419073796153,0.4120640238861529,[0.17400751],[0.7405229],[-0.43469827],[-0.09499673],[0.71046064]
280,HCP-D,8,2,fluidcogcomp,280,0.021600315234386193,0.886696751765771,[-0.18603655],[-0.64322548],[0.00973024],[0.08858295],[0.85386219]
281,HCP-D,8,2,fluidcogcomp,281,0.012959548289418237,0.9318793896685569,[0.46648921],[-0.259043],[0.32046906],[0.81081262],[-0.29295415]
282,HCP-D,8,2,fluidcogcomp,282,0.05819854757455309,0.7008415433923735,[0.85476255],[-0.43145462],[0.28702411],[0.18006181],[0.0036607]
283,HCP-D,8,2,fluidcogcomp,283,0.0743001706342841,0.6236109609478513,[-0.39570002],[-0.33413243],[0.83224115],[-0.33259117],[0.39341075]
284,HCP-D,8,2,fluidcogcomp,284,-0.22124090019988057,0.13951120182486798,[0.2444341],[0.77004551],[-0.05504482],[-0.22292598],[-0.69473905]
285,HCP-D,8,2,fluidcogcomp,285,0.05144720298732296,0.7341923487189703,[-0.21042597],[0.35382911],[-0.49231826],[0.10267417],[0.77412579]
286,HCP-D,8,2,fluidcogcomp,286,-0.15049313540668594,0.318131822201828,[-0.29977309],[-0.65955426],[-0.03295819],[0.78599503],[0.1677318]
287,HCP-D,8,2,fluidcogcomp,287,0.00748206677336646,0.9606404208040606,[0.62964195],[-0.50944463],[0.15666984],[0.29687378],[-0.5339145]
288,HCP-D,8,2,fluidcogcomp,288,0.0415965091480506,0.7837189250371484,[0.57858678],[-0.53127746],[0.53462617],[0.45235524],[-0.08818174]
289,HCP-D,8,2,fluidcogcomp,289,0.0963453516333894,0.524159248827728,[-0.19171056],[0.28856845],[1.08731921],[0.1752766],[0.2164411]
290,HCP-D,8,2,fluidcogcomp,290,-0.1408993283421275,0.3503053346675908,[0.87273402],[0.22101906],[-0.41772071],[0.10377874],[-0.20109931]
291,HCP-D,8,2,fluidcogcomp,291,-0.03974471941975071,0.7931311020535654,[-0.43811914],[0.72910615],[0.52452574],[0.20018938],[-0.0452551]
292,HCP-D,8,2,fluidcogcomp,292,0.26157962863802026,0.07908628497532749,[-0.14527307],[0.56753723],[1.14787858],[0.41959172],[0.80859473]
293,HCP-D,8,2,fluidcogcomp,293,0.15502306727621606,0.3036124527302112,[0.30911113],[0.76425742],[-0.47108774],[0.57890754],[-0.31524149]
294,HCP-D,8,2,fluidcogcomp,294,-0.033539949353392065,0.8248737723681622,[0.36463498],[0.41659919],[0.54671996],[0.70537264],[-0.16302452]
295,HCP-D,8,2,fluidcogcomp,295,0.1640929015983666,0.27584052575485796,[0.67228759],[0.71777077],[0.25610097],[0.1170764],[0.08561099]
296,HCP-D,8,2,fluidcogcomp,296,0.21003512997661805,0.16121185752238687,[-0.02067228],[0.82786586],[0.46410672],[0.21867924],[0.30680075]
297,HCP-D,8,2,fluidcogcomp,297,-0.014609625022437631,0.9232303481595221,[-0.21784139],[0.29223013],[0.7116445],[0.29082216],[0.75367645]
298,HCP-D,8,2,fluidcogcomp,298,0.05706215485754561,0.7064183518229565,[0.69169405],[0.13357884],[0.68222533],[-0.11557741],[0.36676259]
299,HCP-D,8,2,fluidcogcomp,299,0.03355713267801036,0.8247854571321118,[-0.07207761],[0.80830091],[0.63679049],[-0.05265009],[0.33509961]
300,HCP-D,8,2,fluidcogcomp,300,0.25296578617650567,0.08984952550128017,[0.28164964],[0.02392035],[0.96371971],,
301,HCP-D,8,2,fluidcogcomp,301,0.31599504466161055,0.032407024634980464,[0.17947509],[-0.27789814],[0.94773945],,
302,HCP-D,8,2,fluidcogcomp,302,0.2828146386581832,0.056853369927798145,[-0.45188985],[-0.01507808],[0.89327585],,
303,HCP-D,8,2,fluidcogcomp,303,0.2578510537489117,0.08361377887028075,[0.22424814],[-0.09229652],[0.97274493],,
304,HCP-D,8,2,fluidcogcomp,304,0.22473259667531853,0.1332146920041251,[0.24818157],[0.29414562],[0.92912374],,
305,HCP-D,8,2,fluidcogcomp,305,0.2757982467910897,0.06356208543780154,[0.153784],[0.28696279],[0.94790289],,
306,HCP-D,8,2,fluidcogcomp,306,0.19016279724716786,0.2055702973355571,[-0.30995448],[-0.0167128],[0.97334061],,
307,HCP-D,8,2,fluidcogcomp,307,0.29588378769417756,0.045878862355321126,[-0.24255066],[-0.00111056],[0.99369724],,
308,HCP-D,8,2,fluidcogcomp,308,0.2336379547927838,0.1181193754011684,[0.06926599],[0.39466416],[0.9200361],,
309,HCP-D,8,2,fluidcogcomp,309,0.26537147744468015,0.07468167412577167,[0.23532653],[0.17587895],[0.9614665],,
310,HCP-D,8,2,fluidcogcomp,310,0.33927673619465654,0.021074637829176644,[-0.23523534],[-0.09751472],[0.97039656],,
311,HCP-D,8,2,fluidcogcomp,311,0.29777251902139906,0.04444601566388133,[0.1391587],[-0.19448998],[0.97647403],,
312,HCP-D,8,2,fluidcogcomp,312,0.33894700845600206,0.021208050146835612,[0.13127252],[-0.15803511],[0.98307845],,
313,HCP-D,8,2,fluidcogcomp,313,0.321874266524551,0.02915408967295858,[-0.42345198],[-0.11608707],[0.90429864],,
314,HCP-D,8,2,fluidcogcomp,314,0.09887201633065601,0.5132841076325079,[0.07106769],[0.4121875],[0.9088539],,
315,HCP-D,8,2,fluidcogcomp,315,0.1639204217461358,0.2763525155883579,[-0.0062733],[0.18121296],[0.98746856],,
316,HCP-D,8,2,fluidcogcomp,316,0.23289830557885824,0.11932149287229642,[0.10412424],[0.15621848],[0.98879982],,
317,HCP-D,8,2,fluidcogcomp,317,0.3383815666068808,0.021438488540598592,[-0.32218732],[-0.10644478],[0.95782891],,
318,HCP-D,8,2,fluidcogcomp,318,0.24036298375081755,0.10760652958977371,[-0.45997274],[-0.11930249],[0.8849556],,
319,HCP-D,8,2,fluidcogcomp,319,0.2351480737064894,0.11569355409915272,[0.21004833],[0.01476874],[0.98279053],,
320,HCP-D,8,2,fluidcogcomp,320,0.22296629995571848,0.13637274030869684,[0.29970574],[0.28788203],[0.91013994],,
321,HCP-D,8,2,fluidcogcomp,321,-0.025030855046520563,0.8688485893896793,[0.09765495],[0.49270788],[0.86480668],,
322,HCP-D,8,2,fluidcogcomp,322,0.016338220173736706,0.9141791504538489,[-0.28003829],[0.29501979],[0.91553933],,
323,HCP-D,8,2,fluidcogcomp,323,0.23038049403919428,0.1234829993582297,[0.23600595],[0.2066614],[0.95228278],,
324,HCP-D,8,2,fluidcogcomp,324,0.23958038117318747,0.10879178890396335,[0.20351592],[-0.0689175],[0.98834171],,
325,HCP-D,8,2,fluidcogcomp,325,0.08092478159952743,0.5929044383445468,[-0.08664985],[0.23394801],[0.97422569],,
326,HCP-D,8,2,fluidcogcomp,326,0.32227448465624536,0.028942890130477416,[0.09348271],[0.40700438],[0.90912115],,
327,HCP-D,8,2,fluidcogcomp,327,0.23893954328428127,0.10976974696013553,[-0.0987055],[0.37416096],[0.92333764],,
328,HCP-D,8,2,fluidcogcomp,328,0.31130712974996216,0.035210944796854986,[0.23862596],[0.04994196],[0.98696642],,
329,HCP-D,8,2,fluidcogcomp,329,0.25240384528996723,0.09058938306741471,[0.17015193],[0.10443541],[0.99271512],,
330,HCP-D,8,2,fluidcogcomp,330,-0.3029702229996485,0.040690133689500134,[0.14435051],[0.57991087],[0.80409449],,
331,HCP-D,8,2,fluidcogcomp,331,0.2099714981314379,0.16134173144655073,[-0.37126904],[0.3518441],[0.86185386],,
332,HCP-D,8,2,fluidcogcomp,332,0.04524107640493504,0.7652846472376924,[-0.55621645],[0.31143225],[0.77591452],,
333,HCP-D,8,2,fluidcogcomp,333,0.1378433979811871,0.36095764780239725,[-0.56751371],[0.32039506],[0.76721384],,
334,HCP-D,8,2,fluidcogcomp,334,0.10520844079108933,0.4865191635455781,[0.17027549],[0.51723721],[0.84223609],,
335,HCP-D,8,2,fluidcogcomp,335,0.11500310265474872,0.4466250641927144,[-0.0407082],[-0.19167376],[0.98765716],,
336,HCP-D,8,2,fluidcogcomp,336,0.25086902967627944,0.09263425426319544,[0.17037663],[-0.0964663],[0.98702125],,
337,HCP-D,8,2,fluidcogcomp,337,0.2891904627415698,0.05126184983407628,[0.1411608],[-0.34775023],[0.9552974],,
338,HCP-D,8,2,fluidcogcomp,338,0.06641693728852223,0.6609880424909756,[-0.10974615],[-0.33075629],[0.9399907],,
339,HCP-D,8,2,fluidcogcomp,339,0.24111441097146133,0.10647779956205201,[0.0519395],[-0.17320725],[1.03634525],,
340,HCP-D,8,2,fluidcogcomp,340,0.18920148464069633,0.20791386467112216,[0.18964958],[-0.03769681],[0.98521875],,
341,HCP-D,8,2,fluidcogcomp,341,0.2586103850116882,0.08267569241188011,[0.15204521],[-0.32971261],[0.93927202],,
342,HCP-D,8,2,fluidcogcomp,342,0.29345093387760507,0.04777961081063076,[-0.46548723],[-0.34119091],[0.8244326],,
343,HCP-D,8,2,fluidcogcomp,343,0.30486251174452106,0.03938897585815215,[-0.57092645],[-0.00963615],[0.8550155],,
344,HCP-D,8,2,fluidcogcomp,344,0.29559447235964714,0.04610162608227092,[0.04005538],[0.19113722],[0.99909742],,
345,HCP-D,8,2,fluidcogcomp,345,0.2588888038973501,0.08233380124635403,[0.33750948],[0.16826392],[0.94336187],,
346,HCP-D,8,2,fluidcogcomp,346,0.2124511023157865,0.15633703070388152,[0.074626],[-0.01322234],[1.06318408],,
347,HCP-D,8,2,fluidcogcomp,347,0.21085708049451612,0.1595410856675506,[-0.25711362],[-0.08592139],[0.97116295],,
348,HCP-D,8,2,fluidcogcomp,348,0.28683543420871577,0.05327300718898206,[0.24930576],[0.0594853],[1.00349805],,
349,HCP-D,8,2,fluidcogcomp,349,0.25035455021954056,0.09332765499962292,[0.10903702],[-0.17785615],[1.03100371],,
